4294967278,428
4294967279,110
4294967279,297
4294967279,260
4294967279,224
4294967279,164
4294967294,1016
4294967278,422
2166,5
2166,4
2166,3
2166,2
2166,1
4294967279,216
2164,6
2164,5
2164,4
2164,3
2164,2
2164,1
4294967279,298
4294967278,372
4294967278,371
4294967278,417
2161,5
2161,4
2161,3
2161,2
2161,1
4294967279,222
4294967278,426
4294967278,368
4294967279,350
2159,5
2159,4
2159,3
2159,2
2159,1
2157,5
4294967279,227
2157,4
2157,3
2157,2
2157,1
4294967278,410
4294967279,225
4294967279,219
2156,6
2156,5
2156,4
2156,3
2156,2
2156,1
4294967279,211
4294967279,208
2155,5
4294967278,205
2155,4
2155,3
2155,2
2155,1
4294967294,110
4294967278,198
4294967279,195
2154,5
2154,4
2154,3
2154,2
2154,1
4294967279,380
4294967278,191
2153,5
2153,4
2153,3
2153,2
2153,1
4294967279,188
4294967279,187
4294967278,183
4294967278,182
4294967279,179
4294967279,178
2151,4
2151,3
2151,2
2151,1
4294967279,177
4294967278,176
4294967278,164
4294967278,367
4294967279,163
4294967278,377
2150,5
2150,4
2150,2
2150,1
4294967278,152
4294967278,148
4294967278,306
4294967279,348
4294967279,143
4294967278,143
4294967279,142
2148,6
2148,5
2148,4
2148,2
2148,1
4294967279,277
4294967279,530
4294967278,375
2145,5
2145,4
2145,2
2145,1
4294967294,196
2143,5
2143,4
2143,3
2143,2
2143,1
2141,5
2141,4
2141,3
2141,2
2141,1
2140,6
4294967279,294
2140,5
2140,4
2140,3
2140,2
2140,1
2139,5
2139,4
2139,3
2139,2
2139,1
2138,5
2138,4
2138,3
2138,2
2138,1
2137,5
2137,4
2137,3
2137,2
2137,1
2135,4
2135,3
2135,2
2135,1
4294967278,414
4294967278,447
4294967294,454
4294967294,410
4294967294,455
154,4
159,4
4294967279,532
4294967279,296
4294967279,338
4294967279,289
4294967278,154
4294967279,293
4294967278,153
4294967279,152
4294967278,151
2134,5
4294967278,150
2134,4
2134,2
2134,1
4294967278,149
4294967279,147
4294967278,142
4294967279,138
2132,6
2132,5
2132,4
2132,2
2132,1
4294967279,292
4294967278,274
4294967278,273
4294967279,291
4294967294,1010
4294967279,290
2129,5
2129,4
2129,2
2129,1
4294967278,357
2127,5
2127,4
2127,3
2127,2
2127,1
2125,5
2125,4
2125,3
2125,2
2125,1
2124,6
2124,5
2124,4
2124,3
2124,2
2124,1
4294967294,405
2123,5
2123,4
2123,3
2123,2
2123,1
2122,5
2122,4
2122,3
2122,2
2122,1
4294967278,188
4294967279,543
2121,5
2121,4
2121,3
2121,2
2121,1
2119,4
2119,3
2119,2
2119,1
4294967278,420
4294967279,575
4294967278,351
4294967279,287
4294967278,269
2118,5
2118,4
2118,2
2118,1
4294967278,260
4294967278,328
2116,6
2116,5
2116,4
2116,2
2116,1
4294967279,284
4294967279,283
4294967294,1015
4294967278,240
4294967279,281
2113,5
2113,4
2113,2
2113,1
4294967279,278
2111,5
2111,4
2111,3
2111,2
2111,1
2109,5
2109,4
2109,3
2109,2
2109,1
4294967278,349
4294967294,466
2108,6
2108,5
2108,4
2108,3
2108,2
2108,1
2107,5
2107,4
2107,3
2107,2
2107,1
4294967279,274
2106,5
2106,4
2106,3
2106,2
2106,1
2105,5
2105,4
2105,3
2105,2
2105,1
2103,4
2103,3
2103,2
2103,1
4294967278,412
4294967278,302
4294967278,60
4294967278,58
4294967278,57
4294967278,55
4294967278,54
4294967278,46
4294967278,45
4294967278,44
4294967278,41
4294967278,40
4294967278,39
4294967278,33
4294967278,28
4294967278,21
4294967278,19
4294967278,18
4294967278,11
4294967278,10
4294967278,5
4294967279,85
4294967279,83
4294967279,80
4294967279,78
4294967279,69
4294967279,60
4294967279,46
4294967279,44
4294967279,568
4294967279,574
4294967279,16
4294967279,11
4294967279,15
4294967278,14
4294967278,295
4294967278,13
4294967278,225
4294967278,327
4294967279,125
4294967278,413
2102,5
2102,4
2102,2
2102,1
4294967278,206
2100,6
2100,5
2100,4
2100,3
2100,2
2100,1
4294967294,420
4294967279,198
4294967279,197
4294967279,194
4294967279,196
4294967279,193
4294967279,192
4294967279,191
4294967279,67
4294967278,249
4294967278,186
4294967278,345
2097,5
2097,4
2097,3
2097,2
2097,1
4294967278,346
4294967279,169
4294967279,167
2095,5
2095,4
2095,3
2095,2
2095,1
4294967279,266
2093,5
4294967279,157
2093,4
2093,3
2093,2
2093,1
2092,6
2092,5
2092,4
2092,3
2092,2
2092,1
2091,5
2091,4
2091,3
2091,2
2091,1
4294967294,118
4294967294,458
2090,5
2090,4
2090,3
2090,2
2090,1
2089,5
2089,4
2089,3
2089,2
2089,1
2087,4
2087,3
2087,2
2087,1
4294967279,571
4294967279,73
4294967279,63
4294967279,61
4294967279,59
4294967278,408
4294967278,59
4294967278,53
4294967278,52
4294967278,43
4294967278,38
4294967278,29
4294967278,24
4294967278,23
4294967279,344
4294967279,49
4294967279,21
4294967279,570
4294967279,229
4294967278,209
2086,5
2086,4
2086,2
2086,1
4294967278,340
2084,6
2084,5
2084,4
2084,2
2084,1
4294967279,52
4294967278,247
4294967278,339
4294967278,48
4294967279,151
2081,5
2081,4
2081,2
2081,1
4294967279,537
4294967278,34
4294967294,1013
4294967279,512
4294967279,24
2079,5
2079,4
2079,3
2079,2
2079,1
4294967279,547
4294967278,342
4294967294,167
4294967294,457
4294967294,467
2077,5
2077,4
2077,3
2077,2
2077,1
4294967279,264
2076,6
2076,5
2076,4
2076,3
2076,2
2076,1
4294967279,567
2075,5
2075,4
2075,3
2075,2
2075,1
4294967278,259
2074,5
2074,4
2074,3
2074,2
2074,1
2073,5
2073,4
2073,3
2073,2
2073,1
4294967279,546
4294967278,226
4294967278,218
2071,4
2071,3
2071,2
2071,1
4294967294,161
4294967279,554
4294967279,565
4294967294,386
4294967279,10
4294967279,342
4294967278,337
4294967278,181
4294967279,181
4294967278,180
4294967279,180
4294967278,179
4294967278,2
2070,5
2070,4
2070,2
2070,1
4294967294,415
4294967294,108
4294967278,362
2068,6
2068,5
2068,4
2068,2
2068,1
4294967279,563
4294967278,336
4294967278,334
2065,5
2065,4
2065,2
2065,1
2063,5
2063,4
2063,3
2063,2
2063,1
4294967279,572
2061,5
2061,4
2061,3
2061,2
2061,1
4294967278,330
2060,6
4294967294,179
2060,5
4294967278,224
2060,4
4294967278,222
2060,3
2060,2
2060,1
2059,5
4294967279,213
2059,4
2059,3
2059,2
2059,1
4294967294,417
4294967294,460
2058,5
2058,4
2058,3
2058,2
2058,1
2057,5
2057,4
2057,3
2057,2
2057,1
4294967278,294
2055,4
2055,3
2055,2
2055,1
4294967279,562
4294967279,561
4294967279,305
4294967279,331
4294967279,267
4294967278,307
4294967278,441
4294967278,61
4294967278,51
4294967278,49
4294967278,47
4294967278,42
4294967279,337
4294967279,75
4294967279,72
4294967279,70
4294967279,23
4294967279,22
4294967278,56
4294967278,323
4294967278,255
4294967278,252
4294967278,263
4294967279,155
4294967279,150
4294967278,37
4294967278,215
4294967279,25
2054,5
2054,4
2054,2
2054,1
2052,6
2052,5
2052,4
2052,2
2052,1
4294967279,560
4294967279,240
4294967279,525
4294967294,194
2049,5
2049,4
2049,2
2049,1
2047,5
2047,4
2047,3
2047,2
2047,1
2045,5
2045,4
2045,3
2045,2
2045,1
2044,6
4294967294,178
2044,5
4294967279,76
2044,4
2044,3
2044,2
2044,1
4294967279,186
2043,5
2043,4
2043,3
2043,2
2043,1
4294967279,183
4294967279,182
4294967278,379
4294967279,65
2042,5
2042,4
2042,3
2042,2
2042,1
4294967279,173
4294967279,170
2041,5
4294967278,167
2041,4
2041,3
2041,2
2041,1
4294967279,165
4294967279,162
4294967279,160
4294967279,159
2039,4
4294967279,154
2039,3
2039,2
2039,1
4294967278,243
4294967278,291
4294967278,304
4294967278,50
4294967279,51
4294967279,228
4294967279,39
4294967279,280
4294967278,390
4294967279,256
4294967278,366
4294967278,241
2038,5
2038,4
2038,2
2038,1
4294967278,239
4294967278,228
4294967278,235
2036,6
2036,5
2036,4
2036,2
2036,1
4294967278,233
4294967279,566
4294967278,231
2033,5
2033,4
2033,2
2033,1
4294967278,229
2031,5
2031,4
2031,3
2031,2
2031,1
2029,5
2029,4
2029,3
2029,2
2029,1
4294967279,313
2028,6
4294967279,321
2028,5
2028,4
2028,3
2028,2
2028,1
4294967278,159
2027,5
2027,4
2027,3
2027,2
2027,1
4294967294,998
4294967294,195
4294967294,391
2026,5
2026,4
2026,3
2026,2
2026,1
2025,5
2025,4
2025,3
2025,2
2025,1
4294967294,443
4294967294,183
2023,4
2023,3
2023,2
2023,1
4294967279,555
4294967278,221
4294967279,521
157,4
4294967278,374
4294967279,306
4294967278,254
4294967278,248
4294967278,238
4294967279,349
2022,5
2022,4
2022,2
2022,1
4294967279,548
2020,6
2020,5
2020,4
2020,2
2020,1
4294967278,219
4294967278,217
4294967278,415
2017,5
2017,4
2017,2
2017,1
2015,5
2015,4
2015,3
2015,2
2015,1
4294967294,1417
4294967294,400
4294967294,177
4294967294,398
4294967294,148
4294967294,119
2013,5
2013,4
2013,3
2013,2
2013,1
2012,6
4294967279,383
2012,5
2012,4
2012,3
2012,2
2012,1
2011,5
2011,4
2011,3
2011,2
2011,1
2010,5
2010,4
2010,3
2010,2
2010,1
2009,5
2009,4
2009,3
2009,2
2009,1
4294967294,1414
4294967294,528
4294967294,1008
4294967294,163
4294967294,193
4294967278,301
4294967278,319
2007,4
